16488	-140	1660	-221	36	-118	19	0	0
16576	-68	1736	-200	55	-96	151	53	0
16656	-84	1720	-241	68	-114	151	105	0
16552	-164	1640	-274	57	-135	151	158	0
16656	-52	1828	-254	59	-119	151	211	0
16528	-164	1728	-299	57	-108	151	264	0
16568	-116	1788	-193	20	-96	151	317	0
16628	-48	1700	-245	49	-119	151	370	0
16608	-96	1760	-239	21	-114	151	423	0
16652	-24	1732	-243	43	-106	151	475	0
16620	-56	1760	-213	39	-109	151	528	0
16612	-128	1752	-220	42	-104	151	581	0
16580	-108	1796	-241	45	-99	151	634	0
16616	-36	1624	-286	62	-82	151	687	0
16508	-76	1728	-234	66	-124	151	739	0
16576	-148	1788	-241	25	-97	151	792	0
16620	-92	1676	-256	57	-95	151	845	0
16512	-172	1660	-208	52	-106	151	898	0
16452	-160	1684	-255	23	-98	151	951	0
16540	-36	1720	-264	49	-93	151	1004	0
16660	-120	1800	-271	70	-92	151	1057	0
16576	-24	1768	-254	25	-98	151	1110	0
16628	-164	1640	-229	46	-126	151	1163	0
16828	-60	1772	-253	61	-109	151	1216	15
17236	76	2180	-249	42	-92	151	1269	35
17236	-52	2592	-278	75	-126	151	1322	50
17224	5104	928	156	-660	-106	151	1375	65
14840	-2416	1380	587	-306	-630	151	1428	80
19844	-5900	1188	57	267	-2386	151	1481	95
13200	44	4	-875	772	-658	150	1534	115
10768	-1556	-6896	-364	172	-449	149	1587	130
12668	7160	-7732	-369	1838	1110	148	1640	145
1376	6536	-1776	-464	604	1061	146	1693	160
14752	6908	6336	-1090	-2728	151	144	1746	175
17088	9964	-4640	-364	2329	2529	142	1799	190
24724	-13928	3296	-1990	-80	-2345	139	1852	210
19228	-2192	1128	-1677	-2386	-1447	136	1905	225
13828	-5504	-208	-798	580	-2064	132	1958	240
19504	-784	-13996	-1924	-616	3061	129	2011	255
-4308	6020	4600	-69	-1754	-886	126	2064	255
9988	-12592	-13536	-500	3960	-3101	121	2117	255
25552	232	-764	-835	1977	-411	119	2170	255
9192	4752	-4696	-1617	1058	862	114	2222	255
19432	-15976	-840	-1089	-1668	-3724	111	2275	255
27236	728	-1996	574	2261	-985	106	2328	255
412	5020	2328	-1516	-1287	1492	101	2381	255
-388	-5424	-12096	-1952	3669	1589	98	2434	255
13100	2636	11472	663	239	-852	93	2486	255
26812	1416	3976	-245	-767	-1759	89	2539	255
29672	5064	6848	-734	-1023	702	84	2592	255
13300	-15452	-15004	-1019	1700	-4330	81	2645	255
11712	-6044	-15648	-856	4922	525	78	2698	255
-6320	4252	-1300	-1254	-1070	1563	72	2751	255
7240	-1560	312	-875	-2888	-870	67	2804	255
19232	-688	880	-1840	894	-1217	62	2857	250
18748	-224	6468	-1381	41	748	58	2910	232
32767	-14700	5412	-1556	357	-3714	54	2963	214
2112	-1384	6328	-621	-11	-901	50	3016	201
27112	3164	3216	-1006	484	-66	46	3069	178
17512	2508	284	234	-3668	-4084	43	3122	165
8856	888	18216	-68	-2149	-2326	38	3175	142
26176	-5504	-6632	-743	1626	1054	34	3228	124
26004	5056	736	-1081	2679	2829	30	3281	106
12700	2636	10012	-69	259	656	27	3334	88
14960	-256	4524	-1260	-1733	-949	23	3387	70
13016	2116	9992	-307	-958	-1601	20	3440	57
16764	5732	4632	739	-1216	488	17	3493	43
19836	-4428	8240	-358	130	-833	14	3546	35
7032	1440	6684	-425	315	-1654	12	3599	0
21100	-2300	4520	104	199	-1375	10	3652	0
11820	524	-324	-928	692	818	9	3705	0
15220	2136	4284	145	-487	-198	8	3757	0
17932	-1652	5704	-18	-246	-126	7	3810	0
16404	-1012	3812	-1025	-142	78	7	3863	0
16172	268	1496	187	56	-212	6	3916	0
16524	-1052	1648	-491	128	-52	6	3969	0
16564	28	2308	-423	84	-76	6	4022	0
16668	-448	1904	-336	50	-95	6	4075	0
16624	-232	2020	-290	39	-59	6	4128	0
16528	-324	1768	-221	62	-93	6	4180	0
16584	-276	1708	-209	47	-97	6	4233	0
16472	-160	1784	-269	49	-111	6	4286	0
16456	-164	1728	-230	67	-109	6	4339	0
16560	-308	1804	-225	16	-114	6	4392	0
16536	-204	1756	-288	42	-75	6	4498	0
16624	-296	1656	-232	41	-95	6	4551	0
16512	-264	1852	-226	51	-111	6	4604	0
16564	-236	1860	-249	28	-120	6	4656	0
16528	-316	1788	-234	46	-91	6	4709	0
16544	-196	1764	-300	21	-84	6	4762	0
16616	-232	1824	-180	34	-101	6	4815	0
16584	-168	1748	-251	77	-102	6	4868	0
16668	-288	1752	-248	47	-106	6	4921	0
16624	-224	1772	-280	42	-120	6	4973	0
16536	-120	1704	-240	65	-115	6	5026	0
16616	-300	1792	-258	42	-140	6	5079	0
16540	-284	1700	-228	39	-81	6	5131	0
16448	-260	1648	-212	55	-92	6	5184	0
16584	-256	1776	-219	38	-107	6	5237	0
16636	-272	1748	-226	33	-119	6	5290	0
16644	-224	1912	-277	50	-98	6	5343	0
16684	-256	1708	-253	62	-105	6	5396	0
16576	-224	1824	-257	33	-94	6	5449	0
16580	-228	1908	-288	56	-102	6	5502	0
16568	-156	1752	-248	31	-120	6	5555	0
16512	-256	1688	-237	53	-98	6	5608	0
16568	-136	1796	-245	47	-112	6	5661	0
16592	-200	1788	-268	33	-96	6	5714	0
16516	-344	1712	-263	73	-119	6	5767	0
16656	-172	1776	-207	56	-118	6	5820	0
16660	-224	1700	-249	55	-106	6	5873	0
16488	-264	1836	-215	65	-113	6	5926	0
16668	-188	1724	-205	54	-100	6	5979	0
16596	-308	1728	-254	54	-133	6	6032	0
16612	-208	1700	-304	43	-89	6	6084	0
16616	-232	1792	-238	34	-98	6	6137	0
16656	-264	1880	-264	56	-113	6	6190	0
16576	-244	1768	-257	46	-108	6	6243	0
16632	-220	1740	-220	28	-112	6	6296	0
16624	-156	1772	-247	35	-101	6	6349	0
16592	-244	1808	-298	39	-109	6	6402	0
16556	-236	1816	-280	33	-110	6	6455	0
16604	-112	1724	-252	56	-120	6	6508	0
16472	-248	1716	-233	60	-114	6	6561	0
16572	-240	1896	-263	41	-121	6	6614	0
16596	-212	1744	-217	26	-113	6	6667	0
16608	-164	1840	-239	42	-124	6	6720	0
16544	-84	1828	-198	31	-96	6	6773	0
16580	-364	1740	-270	78	-103	6	6826	0
16544	-188	1804	-252	46	-106	6	6879	0
16644	-284	1776	-241	51	-112	6	6932	0
16552	-232	1764	-231	37	-119	6	6985	0
16552	-212	1740	-158	3	-102	6	7038	0
16584	-108	1716	-238	45	-93	6	7091	0
16544	-228	1712	-318	59	-101	6	7144	0
16576	-212	1680	-299	69	-116	6	7196	0
16416	-244	1720	-345	82	-130	6	7248	0
16640	-124	1852	-198	33	-112	6	7301	0
