16528	-76	1708	-225	30	-96	14	0	0
16572	-160	1688	-180	29	-96	151	54	0
16528	-44	1708	-281	9	-99	151	107	0
16500	-56	1668	-226	48	-122	151	159	0
16628	-108	1776	-278	41	-118	151	212	0
16568	-188	1680	-266	39	-145	151	265	0
16536	-92	1764	-228	36	-86	151	318	0
16576	-140	1644	-242	49	-90	151	371	0
16516	-120	1800	-246	26	-108	151	424	0
16644	-216	1728	-236	61	-104	151	476	0
16596	-72	1736	-259	43	-80	151	528	0
16624	-20	1712	-243	47	-97	151	581	0
16620	-72	1724	-252	42	-100	151	634	0
16504	-128	1712	-277	38	-105	151	687	0
16548	-100	1744	-229	50	-122	151	740	0
16564	-164	1788	-239	47	-113	151	793	0
16524	-52	1724	-226	54	-102	151	846	0
16500	-144	1780	-211	41	-93	151	899	0
16512	-164	1688	-265	57	-120	151	952	0
16544	-96	1728	-211	20	-116	151	1005	0
16500	-64	1576	-237	57	-85	151	1058	0
16600	-108	1744	-234	57	-119	151	1111	0
16648	-12	1848	-241	66	-87	151	1164	5
16804	-140	1832	-238	45	-112	151	1217	20
16940	-88	2204	-269	26	-110	151	1270	40
17024	-748	60	-966	-190	-200	151	1323	55
16504	2160	-2568	425	427	-265	151	1375	70
16856	-288	0	-498	532	-462	151	1428	85
17280	3320	-180	-192	-278	1754	151	1481	100
23112	4828	-3108	-1177	-9	684	150	1534	120
16724	-808	-2976	-1230	-1094	713	149	1587	135
15788	5948	1312	-896	-1137	1406	147	1640	150
10128	-2664	-912	-692	-1178	-1167	145	1693	165
17568	5176	-5572	-301	387	1667	144	1746	180
32767	-2184	2232	620	-401	-1355	141	1799	195
8848	8364	-13856	376	3380	2942	138	1852	215
9664	5764	-3536	-1055	-515	1745	135	1905	230
32452	-344	1204	524	-1669	-3615	132	1958	245
17356	-10424	-6212	-1445	-988	-2602	128	2011	255
16308	10636	-1912	-101	-25	4888	124	2064	255
10452	-4388	-2236	-265	298	-2198	120	2117	255
12160	8220	-3876	-217	287	1243	117	2170	255
11136	3516	20544	1223	-1428	2046	113	2223	255
15756	3928	1204	-1252	2336	597	110	2276	255
8412	-12888	-8164	-1375	-207	-2044	107	2329	255
5616	7636	356	94	111	1806	101	2382	255
18212	1992	-5552	-74	1114	846	95	2435	255
19768	6904	-2116	-1157	3496	1606	93	2488	255
13396	5952	1424	-456	-1149	1482	88	2541	255
27964	-900	-3088	-2011	-982	3420	82	2594	255
18192	2084	14008	-502	-810	1248	79	2647	255
16060	624	-10212	-263	251	1646	74	2700	255
11500	-324	7840	-1137	-1499	-343	69	2753	255
18548	-4320	-17436	119	-388	-4010	67	2805	255
6592	4932	4472	-905	-4460	-2725	60	2858	241
10908	2108	-6480	791	2091	-170	55	2911	219
25196	-844	6440	-976	2399	1835	51	2964	201
23200	4724	24352	314	1482	-359	47	3017	178
9056	-1124	-4924	-234	-1341	331	43	3070	169
14592	3056	6940	-550	-362	3229	39	3123	147
32767	-4512	-8896	-2247	3826	-1803	34	3176	124
20768	-184	3776	-402	2339	-1098	30	3229	106
20432	1036	7244	414	-2953	500	27	3282	88
22556	4420	1920	-278	-179	-127	23	3335	70
3924	2648	-1412	-595	-834	1807	20	3388	57
7368	-888	-15384	748	2069	1151	17	3441	43
5176	-432	5956	-548	-697	1440	16	3494	39
18144	2772	1696	-382	1629	341	11	3547	0
12288	-1036	3428	575	1400	393	9	3600	0
18256	-1464	1776	5	-634	915	8	3653	0
19836	0	3604	237	-1304	-444	7	3706	0
17432	32	1688	-487	464	-644	6	3759	0
16244	884	3620	-153	231	70	5	3812	0
16164	376	4824	-419	226	-247	5	3865	0
16552	-460	1892	-706	116	-47	5	3918	0
16664	268	1912	-435	106	-84	5	3971	0
16556	-256	1644	-258	32	-105	5	4024	0
16588	-232	1980	-190	51	-111	5	4077	0
16532	-152	1956	-226	55	-108	5	4130	0
16560	-156	1812	-266	63	-90	5	4183	0
16564	-220	1748	-202	59	-97	5	4236	0
16668	-28	1752	-245	66	-88	5	4342	0
16564	-136	1900	-226	66	-83	5	4395	0
16488	-164	1844	-273	44	-112	5	4448	0
16572	-84	1800	-312	34	-84	5	4501	0
16676	-100	1768	-246	55	-98	5	4554	0
16556	-120	1844	-247	51	-114	5	4607	0
16484	-152	1720	-232	39	-102	5	4660	0
16668	-128	1708	-248	50	-109	5	4713	0
16508	-140	1684	-240	44	-103	5	4766	0
16560	-216	1720	-214	48	-71	5	4819	0
16440	-164	1668	-292	66	-113	5	4872	0
16512	-136	1704	-261	42	-105	5	4925	0
16548	-236	1812	-260	52	-109	5	4977	0
16612	-100	1860	-302	39	-104	5	5030	0
16672	-16	1772	-267	60	-92	5	5083	0
16616	-48	1748	-274	46	-98	5	5136	0
16552	-144	1728	-294	71	-100	5	5189	0
16656	-180	1788	-280	50	-107	5	5242	0
16512	-152	1732	-220	27	-102	5	5295	0
16604	-164	1644	-242	36	-95	5	5348	0
16568	-76	1748	-292	49	-106	5	5401	0
16544	-96	1704	-244	46	-113	5	5454	0
16708	-128	1928	-282	63	-89	5	5507	0
16636	-184	1868	-262	49	-108	5	5560	0
16596	-160	1680	-281	58	-98	5	5613	0
16532	-144	1864	-238	66	-103	5	5666	0
16512	-44	1668	-333	33	-94	5	5719	0
16608	-52	1828	-252	52	-113	5	5772	0
16600	-164	1800	-250	50	-76	5	5825	0
16608	-4	1656	-246	37	-97	5	5878	0
16604	-152	1788	-268	40	-115	5	5931	0
16628	-196	1860	-268	20	-88	5	5984	0
16500	-124	1888	-272	63	-107	5	6037	0
16532	-68	1836	-240	39	-114	5	6090	0
16620	-132	1728	-302	44	-108	5	6143	0
16588	-88	1764	-278	49	-99	5	6195	0
16544	-156	1992	-254	44	-103	5	6248	0
16492	-156	1860	-235	15	-97	5	6301	0
16588	-192	1704	-299	56	-117	5	6354	0
16520	-108	1928	-316	34	-131	5	6407	0
16516	-236	1876	-266	44	-115	5	6460	0
16620	-144	1840	-251	40	-114	5	6513	0
16572	-84	1836	-239	57	-86	5	6566	0
16512	-80	1728	-258	37	-88	5	6619	0
16604	-40	1712	-238	38	-112	5	6672	0
16560	-80	1852	-237	58	-118	5	6725	0
16592	-152	1768	-227	39	-75	5	6778	0
16588	-196	1764	-260	57	-119	5	6831	0
16568	-136	1912	-220	51	-100	5	6884	0
16660	-224	1820	-262	59	-93	5	6937	0
16544	-272	1860	-265	67	-123	5	6990	0
16544	-100	1824	-211	53	-103	5	7043	0
16452	-72	1848	-271	61	-105	5	7096	0
16544	-100	1784	-252	67	-90	5	7149	0
16560	-68	1752	-207	46	-87	5	7202	0
16392	-88	1868	-243	54	-97	5	7255	0
16676	-196	1788	-235	45	-113	5	7308	0
16672	-120	1820	-232	43	-116	5	7361	0
16608	-72	1852	-261	15	-125	5	7414	0
16548	-20	1712	-249	45	-92	5	7467	0
16616	-88	1852	-268	33	-96	5	7520	0
16604	-176	1728	-247	42	-116	5	7573	0
16624	-184	1884	-244	54	-98	5	7626	0
16588	-156	1796	-264	27	-105	5	7679	0
16584	-124	1780	-196	43	-99	5	7732	0
16568	-128	1780	-232	37	-85	5	7785	0
16584	-180	1752	-231	34	-103	5	7838	0
16568	-172	1796	-248	43	-95	5	7891	0
16484	-132	1752	-271	51	-73	5	7944	0
16596	-168	1856	-265	69	-122	5	7997	0
16664	-140	1812	-269	79	-93	5	8050	0
