16592	136	1796	-183	69	-71	0	0	0
16704	216	1624	-197	70	-114	0	64	0
16668	32	1688	-207	64	-95	0	127	0
16604	256	1932	-218	61	-104	0	190	0
16748	228	1892	-258	78	-93	0	253	0
16672	60	1748	-255	89	-109	0	316	0
16472	-32	1788	-249	65	-113	0	379	0
16468	168	1632	-218	46	-100	0	442	0
17108	-4	1796	-303	131	-115	0	505	0
16348	224	1684	-249	70	-78	0	568	0
16776	168	1852	-204	53	-139	0	631	0
16544	-140	1660	-250	110	-105	0	694	0
16516	272	1840	-241	52	-87	0	757	0
16440	264	1716	-238	25	-106	0	820	0
16440	36	1776	-181	55	-111	0	883	0
16628	72	1900	-259	89	-125	0	946	0
16580	-124	1948	-268	61	-104	0	1009	0
16656	104	1648	-282	74	-108	0	1072	0
17128	376	2048	-279	70	-98	0	1135	0
16464	-124	1752	-276	65	-74	20	1198	95
16272	-40	1656	-193	5	-124	45	1261	95
17048	-392	-216	-1027	-241	-701	70	1324	95
17056	2884	-64	-119	77	1460	95	1387	95
14708	-152	-5400	-690	798	584	120	1450	95
12824	-1264	-3788	967	1241	412	145	1513	94
18272	3360	2636	-723	121	-96	170	1576	93
22504	-4932	2816	-333	901	-2923	195	1639	90
3796	4580	-5076	242	418	-936	220	1702	88
19436	-1796	6624	-243	1526	-127	245	1765	85
32767	-2936	7428	-754	-348	-949	255	1828	83
13164	-2392	3180	-35	-1022	-886	255	1891	79
13176	-4048	4576	-1458	-715	-2697	255	1954	75
20524	4044	3408	-700	812	761	255	2017	71
19516	10276	3760	203	-1139	223	255	2080	67
5588	3484	4688	-206	-2254	-511	255	2143	63
23484	-2380	9192	-378	-381	55	255	2206	59
15012	1040	4608	-843	-523	758	255	2269	58
11628	7932	-8588	-716	1708	168	255	2332	53
17140	-2828	-7388	-1143	-559	193	255	2395	47
17284	-2268	-6504	-128	-832	-1088	255	2458	42
26416	-10716	3456	-2502	1333	-2360	246	2521	38
24752	148	-15392	-597	2290	-392	211	2584	33
9664	-248	-1896	-203	340	-123	167	2647	29
12580	372	-9440	-160	737	278	131	2710	25
28152	4784	14140	374	1779	-1467	87	2773	20
25640	6040	4272	-1038	2686	-347	52	2836	16
17080	-2784	1568	-289	-782	-1456	0	2899	13
30404	7160	10920	-740	1334	748	0	2962	10
19096	2172	7060	-1340	208	886	0	3025	8
14264	348	3504	-320	-10	530	0	3088	7
16184	736	5072	-75	-273	103	0	3151	6
16324	-776	3316	-663	362	-40	0	3214	5
16480	316	1084	-720	56	-51	0	3277	5
16332	-264	1932	-333	187	-81	0	3340	5
16728	-212	1776	-136	36	-129	0	3403	5
16552	-72	1932	-201	46	-86	0	3466	5
16484	-64	1948	-195	42	-77	0	3529	5
16576	-84	2136	-204	71	-88	0	3592	5
16528	-60	1980	-182	43	-69	0	3655	5
16540	-92	1876	-217	36	-104	0	3718	5
16472	-112	2048	-299	70	-88	0	3781	5
16520	-20	1984	-240	65	-102	0	3843	5
16540	-116	1796	-258	38	-108	0	3906	5
16460	-64	2044	-212	57	-106	0	3969	5
16552	-108	2016	-275	50	-85	0	4032	5
16540	-132	2000	-218	72	-111	0	4095	5
16424	-148	2148	-259	72	-103	0	4157	5
16516	-116	2140	-196	52	-66	0	4220	5
16500	-136	2096	-223	77	-93	0	4283	5
16472	-108	2016	-245	56	-87	0	4346	5
16516	-120	2040	-294	54	-109	0	4409	5
16508	-144	1920	-212	37	-85	0	4472	5
16532	-96	2144	-277	74	-110	0	4535	5
16572	-52	1980	-233	51	-110	0	4598	5
16600	-192	1988	-225	53	-92	0	4661	5
16520	-236	2228	-246	34	-125	0	4724	5
16532	-64	2064	-189	45	-115	0	4787	5
16488	-40	2004	-272	48	-94	0	4850	5
16476	-100	2108	-194	58	-103	0	4913	5
16576	-136	2084	-248	46	-111	0	4976	5
16440	-104	2000	-219	70	-94	0	5039	5
16512	-80	2104	-263	42	-74	0	5228	5
16532	-68	2080	-257	49	-115	0	5291	5
16428	-132	1984	-295	59	-126	0	5354	5
16484	-84	2092	-239	94	-104	0	5542	5
16468	-176	2056	-206	51	-97	0	5605	5
16516	-204	2020	-273	38	-130	0	5668	5
16560	-192	2044	-295	42	-87	0	5731	5
16548	-144	2100	-233	55	-77	0	5794	5
16456	-124	2120	-238	71	-90	0	5857	5
16492	-68	2184	-233	50	-91	0	5920	5
16568	-160	2096	-209	53	-98	0	5983	5
16400	-88	1932	-201	46	-99	0	6046	5
16524	-124	2088	-227	51	-119	0	6109	5
16512	-244	2160	-248	37	-119	0	6172	5
16584	-112	2104	-307	70	-86	0	6235	5
16504	-28	2132	-246	80	-105	0	6298	5
16508	-16	2088	-248	72	-100	0	6361	5
16520	-96	2156	-249	63	-97	0	6424	5
16572	-188	2028	-209	61	-76	0	6487	5
16568	-188	2096	-302	85	-135	0	6550	5
16524	-72	2092	-268	57	-101	0	6613	5
16608	-108	2176	-248	65	-104	0	6676	5
16512	-336	2096	-258	57	-139	0	6739	5
16500	-112	1996	-208	25	-60	0	6802	5
16136	168	2132	-238	-1	-105	0	6865	5
16352	56	2420	-222	-10	-97	0	6928	5
16696	-56	2428	-199	37	-86	0	6991	5
16632	-336	2072	-189	64	-81	0	7054	5
16296	-436	1868	-270	77	-97	0	7117	5
16424	-112	1996	-222	20	-116	0	7180	5
16612	40	2120	-203	57	-117	0	7243	5
16700	4	2156	-247	67	-99	0	7306	5
16512	-92	1928	-243	87	-87	0	7369	5
16320	-168	1948	-278	53	-111	0	7432	5
16624	-196	2080	-252	43	-112	0	7495	5
16488	-32	2024	-247	43	-95	0	7558	5
16588	-48	2108	-229	75	-103	0	7621	5
16500	-208	1956	-219	50	-88	0	7684	5
16516	-184	2160	-219	50	-85	0	7747	5
16544	-172	2132	-230	57	-118	0	7810	5
16556	-44	2052	-261	56	-91	0	7873	5
16556	-16	2020	-212	56	-108	0	7936	5
16512	-168	2044	-252	53	-91	0	7999	5
16568	-276	1932	-226	61	-101	0	8062	5
16524	-304	2032	-221	69	-154	0	8125	5
16516	0	2208	-236	47	-83	0	8188	5
16576	-96	2056	-239	42	-115	0	8251	5
16520	-188	2160	-258	52	-100	0	8314	5
16568	-180	2052	-231	51	-109	0	8377	5
16572	-76	2080	-221	52	-78	0	8440	5
16580	-104	2168	-208	58	-101	0	8503	5
16636	-136	2036	-206	48	-113	0	8566	5
16628	-116	2012	-237	52	-99	0	8629	5
16540	-208	2036	-231	66	-91	0	8692	5
16656	-96	1940	-247	43	-116	0	8755	5
16456	96	2028	-200	70	-94	0	8818	5
16628	12	2128	-248	35	-96	0	8881	5
16520	28	2068	-223	40	-79	0	8944	5
16392	-404	1868	-239	30	-101	0	9007	5
16512	-484	2140	-256	30	-143	0	9070	5
16528	-180	2148	-229	39	-113	0	9133	5
16544	160	1864	-266	49	-85	0	9196	5
16444	108	2012	-236	49	-118	0	9259	5
16556	-336	2216	-296	43	-135	0	9322	5
16608	-288	2068	-225	41	-82	0	9385	5
16612	-20	1824	-233	61	-91	0	9448	5
16864	-388	2196	-210	100	-93	0	9511	5
16548	-12	2244	-237	93	-98	0	9574	5
16092	108	2032	-242	30	-66	0	9637	7
16464	0	2012	-164	19	-103	0	9700	8
16628	-292	2176	-245	53	-107	0	9762	11
16728	-192	2184	-172	65	-58	0	9825	13
16536	468	2160	-254	78	-89	35	9887	16
16436	-260	1988	-229	-41	-107	61	9949	18
17348	-12	-576	-376	-310	693	87	10012	21
18432	-1688	-56	-548	-798	366	105	10075	23
12656	2584	168	-383	-275	-1	114	10138	24
14464	-336	-6760	159	1447	-819	123	10201	25
12636	-844	-3932	-1857	1821	-279	123	10264	25
10012	-5136	1480	-1225	-823	-806	123	10327	25
26272	2788	4952	331	1513	-639	105	10390	23
17072	5468	3844	258	698	2544	79	10453	20
12368	-768	108	57	306	-324	61	10516	17
20956	6596	4676	-1004	1783	2499	43	10579	16
20192	5652	9056	-424	655	1901	0	10642	13
14968	-2696	3072	-368	209	-154	0	10705	12
16772	-200	4976	334	-128	122	0	10768	11
15708	-1072	2212	-96	52	-137	0	10831	10
16068	452	968	-485	34	-147	0	10894	10
16964	-444	1804	-219	99	-14	0	10957	10
16496	36	1936	-189	89	-109	0	11020	10
16544	-176	1928	-280	67	-95	0	11083	10
16448	-28	1836	-267	54	-102	0	11146	10
16564	16	2028	-246	88	-93	0	11209	10
16576	-100	2048	-254	58	-116	0	11272	10
16676	-128	1948	-274	74	-119	0	11335	10
16600	-120	1976	-267	57	-97	0	11398	10
16524	-248	2124	-213	63	-115	0	11461	10
16552	-12	2296	-256	51	-104	0	11524	10
16424	-268	1996	-318	46	-85	0	11587	10
15024	664	1652	-304	3	30	0	11650	10
16256	-616	2540	-303	-41	-150	0	11713	10
16500	-104	2444	-229	23	-133	0	11776	10
16556	-48	1992	-212	60	-98	0	11839	10
16296	-164	1924	-225	56	-73	0	11901	10
16352	-168	2148	-290	33	-118	0	11964	10
16632	-148	2064	-199	34	-102	0	12027	10
16592	-36	2292	-240	74	-105	0	12089	10
16408	-56	2048	-230	47	-86	0	12215	10
16580	-120	1916	-176	43	-117	0	12278	10
16660	-320	1908	-232	65	-116	0	12341	10
16272	-92	1704	-331	43	33	0	12404	10
16400	248	2440	-203	40	-146	0	12467	10
16632	-324	1372	-534	55	57	0	12530	10
16572	-600	2484	-135	21	-136	0	12593	10
16532	-124	1808	-303	89	-103	0	12656	10
16532	-400	2624	-11	-6	-167	0	12719	10
16484	240	1920	-445	145	-4	0	12782	10
16444	260	1464	-315	73	-62	0	12845	10
16484	-284	2516	-265	60	-94	0	12908	10
16480	-4	1980	-205	86	-94	0	12970	10
