16608	-8	1560	-253	41	-103	150	0	0
16528	-96	1588	-272	27	-122	150	55	0
16604	-152	1708	-245	32	-99	150	108	0
16556	-36	1772	-248	59	-129	150	161	0
16552	8	1636	-304	18	-102	150	214	0
16636	0	1616	-262	56	-106	150	267	0
16536	-148	1780	-261	54	-92	150	320	0
16512	-96	1680	-288	51	-91	150	373	0
16652	-104	1728	-247	44	-88	150	426	0
16616	-4	1640	-249	48	-108	150	479	0
16644	60	1692	-277	30	-105	150	532	0
16688	-100	1588	-292	35	-120	150	585	0
16584	-112	1576	-261	38	-86	150	638	0
16632	12	1708	-211	39	-96	150	691	0
16632	-44	1612	-212	55	-104	150	744	0
16484	88	1548	-227	30	-118	150	797	0
16572	-100	1656	-246	46	-102	150	850	0
16568	-140	1676	-232	65	-101	150	903	0
16572	-52	1648	-221	44	-98	150	956	0
16584	44	1668	-289	28	-117	150	1009	0
16600	-40	1524	-252	27	-135	150	1062	0
16696	-88	1744	-272	46	-127	150	1115	0
16752	-76	1820	-262	32	-89	150	1168	0
16740	0	1812	-207	25	-96	150	1221	5
16588	-84	1840	-292	-1	-102	150	1274	20
16108	-324	1548	-248	17	-103	143	1327	40
15604	1620	1260	516	-616	-56	144	1380	60
14412	-1492	-2952	-291	640	-307	130	1433	75
16136	2664	-980	-490	707	-423	145	1486	90
19336	2136	-3608	565	739	571	148	1539	105
12772	2304	1180	-792	-402	1927	148	1592	120
6576	-468	376	-1754	1332	1314	147	1645	135
16376	684	4948	-1245	-317	1000	145	1698	150
18580	4636	1840	619	34	-1141	143	1751	170
12212	-2144	3452	1249	157	-1858	141	1804	185
32564	-2860	-11008	-1092	-1729	-435	138	1857	200
8780	340	-168	-98	1053	123	136	1910	215
-500	2112	3116	171	3110	-1221	133	1963	235
4348	10556	7824	-810	142	2758	130	2016	250
31808	-4416	-9620	-153	3665	-1626	126	2069	255
13088	1000	-6012	-345	2765	-2653	122	2122	255
19388	2632	-2472	5	36	-2298	117	2175	255
9532	-8960	5104	302	-2533	-464	114	2228	255
24208	-2364	2652	-745	3460	-2507	110	2281	255
14636	10944	368	-1442	1558	3699	105	2334	255
20292	-2680	-4068	-1342	-107	-4114	102	2386	255
19996	-2592	-15576	311	1685	-820	97	2439	255
6124	9436	4660	-1092	-763	5907	92	2492	255
11628	-4172	-2356	-690	1555	-2736	88	2545	255
20880	-12156	-4596	-1043	582	-1262	85	2598	255
22724	492	3600	315	-497	-25	80	2651	255
32767	4960	-6084	227	-675	-1206	78	2704	255
32767	1032	13940	-1712	-4095	1328	72	2757	255
24596	3756	19752	794	-3274	1073	66	2810	255
6492	7104	6532	-922	444	4049	63	2863	255
14024	-10340	880	-402	555	47	58	2916	237
20408	-1344	280	-754	-240	-1433	55	2969	219
32767	-4276	10064	-1441	-1728	232	50	3022	201
3516	-56	-5596	-690	1475	-1637	45	3075	178
21144	-1324	-2748	-1017	1039	-478	44	3128	169
7604	2644	2328	-754	1740	-2611	39	3181	156
13276	-2616	6012	-531	-360	360	34	3234	129
27388	8016	3068	-529	-1877	1213	30	3287	106
7528	-972	1744	-824	1955	-412	25	3340	88
25260	-1640	18316	227	-409	-1140	22	3392	70
4396	4036	14252	-261	-2930	798	19	3445	57
10792	-5260	-1272	273	1419	372	16	3498	43
13028	3268	12392	-77	-975	78	13	3551	0
7464	568	5040	-669	-2261	826	11	3604	0
21788	-312	6716	-607	-471	-710	9	3657	0
17104	-268	936	-832	-1109	-978	8	3710	0
17240	2508	3168	97	-356	374	7	3763	0
16432	968	3388	115	93	-165	7	3816	0
16072	300	3624	-434	-44	-32	6	3869	0
16740	268	1248	-219	-173	-99	6	3922	0
16264	-264	1708	-247	127	-130	6	3975	0
16728	-16	1212	-258	48	-98	6	4028	0
16620	-60	2068	-218	36	-90	6	4081	0
16624	-64	1820	-262	98	-111	6	4134	0
16572	-112	1592	-232	57	-109	6	4187	0
16540	-76	1596	-280	59	-113	6	4240	0
16588	-80	1740	-252	56	-128	6	4293	0
16480	-100	1836	-230	47	-105	6	4346	0
16652	-68	1720	-299	53	-115	6	4399	0
16572	-44	1752	-206	50	-86	6	4452	0
16512	48	1488	-283	45	-88	6	4505	0
16680	-76	1688	-253	34	-101	6	4558	0
16552	-172	1680	-227	78	-99	6	4610	0
16572	-124	1904	-264	75	-125	6	4663	0
16660	-76	1848	-232	56	-104	6	4716	0
16568	48	1888	-259	36	-104	6	4769	0
16588	-124	1672	-224	31	-86	6	4822	0
16492	-8	1668	-283	49	-100	6	4875	0
16576	-28	1676	-250	27	-104	6	4928	0
16720	44	1784	-286	78	-124	6	4981	0
16684	-160	1828	-297	58	-101	6	5034	0
16568	28	1748	-256	31	-101	6	5087	0
16468	-108	1836	-238	37	-119	6	5140	0
16624	-40	1736	-300	38	-116	6	5193	0
16544	-68	1848	-270	39	-114	6	5246	0
16500	-32	1740	-209	66	-81	6	5299	0
16568	-40	1904	-250	59	-98	6	5352	0
16576	-40	1840	-282	38	-113	6	5405	0
16564	-52	1840	-257	58	-82	6	5458	0
16608	-32	1764	-212	64	-117	6	5511	0
16600	-64	1672	-213	33	-96	6	5564	0
16636	-64	1860	-235	46	-106	6	5617	0
16480	64	1780	-241	41	-108	6	5670	0
16512	-52	1844	-215	44	-99	6	5723	0
16668	-56	1752	-225	57	-118	6	5776	0
16568	-28	1712	-283	72	-84	6	5829	0
16616	-84	1672	-216	64	-106	6	5882	0
16544	-44	1888	-196	37	-123	6	5935	0
16540	-44	1852	-247	26	-115	6	5988	0
16568	16	1700	-217	48	-90	6	6041	0
16600	-68	1724	-233	53	-99	6	6094	0
16632	-48	1792	-248	37	-120	6	6147	0
16576	-52	1880	-234	44	-132	6	6200	0
16524	-112	1704	-214	35	-89	6	6253	0
16464	-4	1884	-230	49	-105	6	6306	0
16432	-48	1696	-250	65	-105	6	6359	0
16544	-44	1756	-238	54	-93	6	6412	0
16596	-44	1748	-230	36	-109	6	6465	0
16556	-16	1784	-201	56	-80	6	6518	0
16604	-136	1708	-221	70	-109	6	6571	0
16608	-88	1860	-267	57	-101	6	6624	0
16632	-124	1768	-224	47	-94	6	6677	0
16492	-84	1776	-291	36	-97	6	6730	0
16564	16	1712	-250	46	-103	6	6783	0
16668	-184	1812	-208	40	-85	6	6836	0
16688	-128	1768	-232	51	-119	6	6889	0
16532	-96	1676	-250	50	-111	6	6942	0
16584	-96	1568	-244	19	-98	6	6995	0
16480	-116	1780	-306	50	-107	6	7048	0
16480	0	1744	-250	33	-96	6	7101	0
16528	-176	1808	-200	32	-85	6	7154	0
16616	-92	1752	-238	57	-110	6	7207	0
16608	-76	1628	-270	44	-94	6	7260	0
16532	-104	1736	-226	42	-85	6	7313	0
16608	-140	1648	-247	41	-107	6	7366	0
16608	-52	1836	-203	67	-117	6	7419	0
16652	-68	1784	-246	46	-93	6	7472	0
16652	24	1664	-253	58	-126	6	7525	0
16612	-40	1724	-264	38	-76	6	7578	0
