16608	-8	1560	-253	41	-103	0	0	150
16528	-96	1588	-272	27	-122	0	55	150
16604	-152	1708	-245	32	-99	0	108	150
16556	-36	1772	-248	59	-129	0	161	150
16552	8	1636	-304	18	-102	0	214	150
16636	0	1616	-262	56	-106	0	267	150
16536	-148	1780	-261	54	-92	0	320	150
16512	-96	1680	-288	51	-91	0	373	150
16652	-104	1728	-247	44	-88	0	426	150
16616	-4	1640	-249	48	-108	0	479	150
16644	60	1692	-277	30	-105	0	532	150
16688	-100	1588	-292	35	-120	0	585	150
16584	-112	1576	-261	38	-86	0	638	150
16632	12	1708	-211	39	-96	0	691	150
16632	-44	1612	-212	55	-104	0	744	150
16484	88	1548	-227	30	-118	0	797	150
16572	-100	1656	-246	46	-102	0	850	150
16568	-140	1676	-232	65	-101	0	903	150
16572	-52	1648	-221	44	-98	0	956	150
16584	44	1668	-289	28	-117	0	1009	150
16600	-40	1524	-252	27	-135	0	1062	150
16696	-88	1744	-272	46	-127	0	1115	150
16752	-76	1820	-262	32	-89	0	1168	150
16740	0	1812	-207	25	-96	5	1221	150
16588	-84	1840	-292	-1	-102	20	1274	150
16108	-324	1548	-248	17	-103	40	1327	143
15604	1620	1260	516	-616	-56	60	1380	144
14412	-1492	-2952	-291	640	-307	75	1433	130
16136	2664	-980	-490	707	-423	90	1486	145
19336	2136	-3608	565	739	571	105	1539	148
12772	2304	1180	-792	-402	1927	120	1592	148
6576	-468	376	-1754	1332	1314	135	1645	147
16376	684	4948	-1245	-317	1000	150	1698	145
18580	4636	1840	619	34	-1141	170	1751	143
12212	-2144	3452	1249	157	-1858	185	1804	141
32564	-2860	-11008	-1092	-1729	-435	200	1857	138
8780	340	-168	-98	1053	123	215	1910	136
-500	2112	3116	171	3110	-1221	235	1963	133
4348	10556	7824	-810	142	2758	250	2016	130
31808	-4416	-9620	-153	3665	-1626	255	2069	126
13088	1000	-6012	-345	2765	-2653	255	2122	122
19388	2632	-2472	5	36	-2298	255	2175	117
9532	-8960	5104	302	-2533	-464	255	2228	114
24208	-2364	2652	-745	3460	-2507	255	2281	110
14636	10944	368	-1442	1558	3699	255	2334	105
20292	-2680	-4068	-1342	-107	-4114	255	2386	102
19996	-2592	-15576	311	1685	-820	255	2439	97
6124	9436	4660	-1092	-763	5907	255	2492	92
11628	-4172	-2356	-690	1555	-2736	255	2545	88
20880	-12156	-4596	-1043	582	-1262	255	2598	85
22724	492	3600	315	-497	-25	255	2651	80
32767	4960	-6084	227	-675	-1206	255	2704	78
32767	1032	13940	-1712	-4095	1328	255	2757	72
24596	3756	19752	794	-3274	1073	255	2810	66
6492	7104	6532	-922	444	4049	255	2863	63
14024	-10340	880	-402	555	47	237	2916	58
20408	-1344	280	-754	-240	-1433	219	2969	55
32767	-4276	10064	-1441	-1728	232	201	3022	50
3516	-56	-5596	-690	1475	-1637	178	3075	45
21144	-1324	-2748	-1017	1039	-478	169	3128	44
7604	2644	2328	-754	1740	-2611	156	3181	39
13276	-2616	6012	-531	-360	360	129	3234	34
27388	8016	3068	-529	-1877	1213	106	3287	30
7528	-972	1744	-824	1955	-412	88	3340	25
25260	-1640	18316	227	-409	-1140	70	3392	22
4396	4036	14252	-261	-2930	798	57	3445	19
10792	-5260	-1272	273	1419	372	43	3498	16
13028	3268	12392	-77	-975	78	0	3551	13
7464	568	5040	-669	-2261	826	0	3604	11
21788	-312	6716	-607	-471	-710	0	3657	9
17104	-268	936	-832	-1109	-978	0	3710	8
17240	2508	3168	97	-356	374	0	3763	7
16432	968	3388	115	93	-165	0	3816	7
16072	300	3624	-434	-44	-32	0	3869	6
16740	268	1248	-219	-173	-99	0	3922	6
16264	-264	1708	-247	127	-130	0	3975	6
16728	-16	1212	-258	48	-98	0	4028	6
16620	-60	2068	-218	36	-90	0	4081	6
16624	-64	1820	-262	98	-111	0	4134	6
16572	-112	1592	-232	57	-109	0	4187	6
16540	-76	1596	-280	59	-113	0	4240	6
16588	-80	1740	-252	56	-128	0	4293	6
16480	-100	1836	-230	47	-105	0	4346	6
16652	-68	1720	-299	53	-115	0	4399	6
16572	-44	1752	-206	50	-86	0	4452	6
16512	48	1488	-283	45	-88	0	4505	6
16680	-76	1688	-253	34	-101	0	4558	6
16552	-172	1680	-227	78	-99	0	4610	6
16572	-124	1904	-264	75	-125	0	4663	6
16660	-76	1848	-232	56	-104	0	4716	6
16568	48	1888	-259	36	-104	0	4769	6
16588	-124	1672	-224	31	-86	0	4822	6
16492	-8	1668	-283	49	-100	0	4875	6
16576	-28	1676	-250	27	-104	0	4928	6
16720	44	1784	-286	78	-124	0	4981	6
16684	-160	1828	-297	58	-101	0	5034	6
16568	28	1748	-256	31	-101	0	5087	6
16468	-108	1836	-238	37	-119	0	5140	6
16624	-40	1736	-300	38	-116	0	5193	6
16544	-68	1848	-270	39	-114	0	5246	6
16500	-32	1740	-209	66	-81	0	5299	6
16568	-40	1904	-250	59	-98	0	5352	6
16576	-40	1840	-282	38	-113	0	5405	6
16564	-52	1840	-257	58	-82	0	5458	6
16608	-32	1764	-212	64	-117	0	5511	6
16600	-64	1672	-213	33	-96	0	5564	6
16636	-64	1860	-235	46	-106	0	5617	6
16480	64	1780	-241	41	-108	0	5670	6
16512	-52	1844	-215	44	-99	0	5723	6
16668	-56	1752	-225	57	-118	0	5776	6
16568	-28	1712	-283	72	-84	0	5829	6
16616	-84	1672	-216	64	-106	0	5882	6
16544	-44	1888	-196	37	-123	0	5935	6
16540	-44	1852	-247	26	-115	0	5988	6
16568	16	1700	-217	48	-90	0	6041	6
16600	-68	1724	-233	53	-99	0	6094	6
16632	-48	1792	-248	37	-120	0	6147	6
16576	-52	1880	-234	44	-132	0	6200	6
16524	-112	1704	-214	35	-89	0	6253	6
16464	-4	1884	-230	49	-105	0	6306	6
16432	-48	1696	-250	65	-105	0	6359	6
16544	-44	1756	-238	54	-93	0	6412	6
16596	-44	1748	-230	36	-109	0	6465	6
16556	-16	1784	-201	56	-80	0	6518	6
16604	-136	1708	-221	70	-109	0	6571	6
16608	-88	1860	-267	57	-101	0	6624	6
16632	-124	1768	-224	47	-94	0	6677	6
16492	-84	1776	-291	36	-97	0	6730	6
16564	16	1712	-250	46	-103	0	6783	6
16668	-184	1812	-208	40	-85	0	6836	6
16688	-128	1768	-232	51	-119	0	6889	6
16532	-96	1676	-250	50	-111	0	6942	6
16584	-96	1568	-244	19	-98	0	6995	6
16480	-116	1780	-306	50	-107	0	7048	6
16480	0	1744	-250	33	-96	0	7101	6
16528	-176	1808	-200	32	-85	0	7154	6
16616	-92	1752	-238	57	-110	0	7207	6
16608	-76	1628	-270	44	-94	0	7260	6
16532	-104	1736	-226	42	-85	0	7313	6
16608	-140	1648	-247	41	-107	0	7366	6
16608	-52	1836	-203	67	-117	0	7419	6
16652	-68	1784	-246	46	-93	0	7472	6
16652	24	1664	-253	58	-126	0	7525	6
16612	-40	1724	-264	38	-76	0	7578	6
