16588	-76	1420	-226	54	-122	40	0	0
16636	-72	1540	-253	59	-115	148	54	0
16656	-92	1696	-223	37	-105	149	107	0
16552	-60	1608	-264	30	-119	149	160	0
16692	-136	1496	-285	47	-103	149	213	0
16648	-140	1556	-233	31	-106	149	266	0
16704	-156	1468	-216	44	-104	149	319	0
16684	-156	1480	-228	54	-83	149	372	0
16608	-8	1464	-234	60	-104	149	424	0
16580	-160	1516	-283	50	-121	149	477	0
16640	-68	1452	-238	33	-110	149	530	0
16668	-160	1452	-238	44	-106	149	583	0
16620	-84	1284	-262	34	-106	149	636	0
16516	-96	1452	-281	61	-103	149	689	0
16684	-176	1520	-235	61	-111	149	742	0
16600	-100	1384	-218	59	-100	149	795	0
16596	-116	1476	-272	55	-114	149	848	0
16560	-32	1504	-267	51	-111	149	901	0
16576	-52	1476	-253	18	-93	149	954	0
16652	-104	1496	-256	27	-96	149	1007	0
16608	-52	1628	-209	54	-91	149	1060	0
16676	-92	1580	-294	60	-111	149	1113	0
16452	-176	1172	-283	50	-129	149	1166	0
16644	4	1924	-281	-1	-109	149	1218	10
16296	-184	1384	-199	17	-108	149	1271	25
17288	88	2252	-246	-26	-124	150	1324	35
17544	56	112	-1631	-218	-318	150	1377	55
17888	1152	1136	827	-176	-443	150	1430	70
17040	-1256	-380	-1874	-275	-104	130	1483	85
17440	424	-9004	-1237	-1944	332	145	1536	100
15740	6116	5836	-1145	-2433	2818	148	1589	120
15056	60	-8200	-919	348	-252	147	1642	135
21828	-2116	7608	-835	-1015	212	146	1695	150
16500	-6500	-15856	134	2180	-628	144	1748	165
18924	-5664	-6364	-1674	-1643	-791	141	1801	180
15928	-5604	-10968	-320	-1444	-2368	135	1854	200
18264	-4	-9788	-67	-1475	-260	136	1907	215
19264	-10212	-22184	-143	943	-2616	133	1960	230
15844	6176	14388	-240	-1495	1492	129	2013	250
10664	-4388	-2528	-873	-274	-368	125	2066	255
11004	1468	2096	-1088	-88	494	121	2119	255
12800	-6080	8	114	-1811	-1498	118	2172	255
25924	2212	11424	-856	-838	1081	113	2225	255
12984	-2936	-23332	-53	2208	-74	110	2278	255
32224	-7356	-2036	1449	-753	-1322	105	2331	255
32767	-6792	25692	1677	-1172	2620	100	2384	255
10596	-1116	-14928	123	-358	-15	95	2437	255
32767	4048	14600	-1070	-1488	-1518	91	2490	255
-3012	14956	2696	157	1361	3105	85	2543	255
22040	2344	11124	186	3102	1561	81	2596	255
20204	1144	7644	1099	878	-1494	78	2649	255
24024	-2424	-5192	-1340	6060	-2743	77	2702	255
6544	3076	-11040	-150	811	431	69	2755	255
-2892	2260	-6584	-1322	572	3849	63	2808	255
5080	15344	10836	630	675	1810	58	2861	255
18430	-258	-258	-258	-258	-258	54	2914	255
23960	676	14244	-1064	-1371	-2892	48	2967	255
25020	-7296	-8632	-1387	1929	-2269	45	3020	255
14728	-7728	2852	-143	-286	-1654	39	3073	255
3092	-2712	-2824	-326	643	638	35	3126	255
1440	-2876	4192	12	1741	-4840	30	3179	0
5072	9144	4288	-1045	-617	1890	25	3232	0
-8328	3120	12168	-329	2032	-859	21	3285	0
17652	-2136	1364	-1068	516	-596	18	3338	0
23948	-5960	9172	-1535	1313	-261	15	3391	0
16752	-2056	9808	-133	-446	575	13	3444	0
25096	-3172	3248	-522	-365	-1019	12	3496	0
10808	-108	3856	-620	92	155	10	3549	0
13776	-1900	-656	-822	500	135	9	3602	0
17716	-1360	2556	-145	433	-429	9	3655	0
16196	-208	2776	-156	167	-116	8	3708	0
16456	-1204	1492	195	69	-186	8	3761	0
16828	0	944	-82	42	-150	8	3814	0
16620	-76	1880	-101	28	-127	8	3867	0
16652	-180	1476	-232	28	-105	8	3920	0
16568	-276	1676	-300	56	-98	8	3973	0
16600	-172	1560	-274	75	-114	8	4025	0
16544	-224	1536	-250	34	-100	8	4078	0
16528	-144	1640	-275	24	-114	8	4131	0
16604	-100	1684	-260	48	-87	8	4184	0
16616	-188	1648	-265	62	-94	8	4237	0
16652	-92	1592	-243	47	-85	8	4290	0
16728	-164	1680	-206	44	-111	8	4343	0
16716	-252	1704	-245	22	-101	8	4396	0
16664	-272	1736	-240	59	-110	8	4449	0
16480	-212	1708	-262	15	-107	8	4502	0
16600	-176	1592	-245	32	-113	8	4555	0
16516	-192	1708	-259	64	-103	8	4608	0
16576	-168	1652	-260	34	-106	8	4660	0
16688	-232	1664	-295	49	-120	8	4713	0
16556	-148	1576	-264	49	-101	8	4766	0
16620	-184	1608	-212	51	-101	8	4819	0
16564	-172	1512	-201	56	-70	8	4872	0
16632	-224	1552	-221	16	-102	8	4925	0
16628	-108	1636	-318	50	-108	8	4978	0
16612	-208	1472	-250	30	-100	8	5084	0
16560	-180	1628	-213	38	-106	8	5137	0
16644	-148	1552	-244	56	-101	8	5190	0
16676	-252	1580	-246	66	-95	8	5243	0
16552	-152	1552	-204	65	-105	8	5296	0
16640	-152	1672	-242	51	-75	8	5349	0
16604	-160	1660	-248	34	-94	8	5402	0
16600	-268	1624	-226	43	-89	8	5455	0
16652	-188	1488	-232	37	-86	8	5508	0
16588	-168	1564	-231	34	-104	8	5561	0
16520	-128	1536	-267	62	-107	8	5614	0
16652	-108	1608	-302	45	-76	8	5667	0
16636	-44	1676	-293	51	-115	8	5720	0
16580	-248	1692	-293	45	-108	8	5773	0
16608	-124	1612	-212	38	-123	8	5826	0
16656	-200	1556	-222	48	-74	8	5878	0
16552	-176	1620	-300	63	-104	8	5931	0
16592	-232	1576	-281	55	-94	8	5984	0
16716	-108	1488	-249	69	-97	8	6037	0
16360	-144	1716	-269	58	-83	8	6090	0
17016	480	2144	-275	196	-427	8	6143	0
16652	-520	1244	-29	0	-55	8	6196	0
16600	-284	1520	-382	23	-204	8	6249	0
16668	-344	1772	-124	66	-135	8	6302	0
16628	-64	1344	-263	66	-106	8	6355	0
16388	-268	1620	-217	30	-145	8	6408	0
16632	-296	1784	-314	77	-87	8	6461	0
16508	-148	1584	-203	47	-163	8	6514	0
16600	-136	1592	-143	68	-170	8	6567	0
16628	-120	1560	-277	-9	-25	8	6620	0
